Height Pressure Rho
5.000000e+04 1.200000e+05 1.824822e+00
5.005005e+04 1.187415e+05 1.807218e+00
5.010010e+04 1.174963e+05 1.789785e+00
5.015015e+04 1.162640e+05 1.772522e+00
5.020020e+04 1.150448e+05 1.755426e+00
5.025025e+04 1.138382e+05 1.738497e+00
5.030030e+04 1.126444e+05 1.721732e+00
5.035035e+04 1.114631e+05 1.705130e+00
5.040040e+04 1.102941e+05 1.688690e+00
5.045045e+04 1.091374e+05 1.672409e+00
5.050050e+04 1.079929e+05 1.656286e+00
5.055055e+04 1.068603e+05 1.640320e+00
5.060060e+04 1.057397e+05 1.624509e+00
5.065065e+04 1.046307e+05 1.608851e+00
5.070070e+04 1.035335e+05 1.593346e+00
5.075075e+04 1.024477e+05 1.577991e+00
5.080080e+04 1.013733e+05 1.562786e+00
5.085085e+04 1.003101e+05 1.547728e+00
5.090090e+04 9.925817e+04 1.532816e+00
5.095095e+04 9.821722e+04 1.518049e+00
5.100100e+04 9.718720e+04 1.503426e+00
5.105105e+04 9.616797e+04 1.488944e+00
5.110110e+04 9.515943e+04 1.474603e+00
5.115115e+04 9.416147e+04 1.460401e+00
5.120120e+04 9.317397e+04 1.446338e+00
5.125125e+04 9.219683e+04 1.432410e+00
5.130130e+04 9.122994e+04 1.418618e+00
5.135135e+04 9.027319e+04 1.404960e+00
5.140140e+04 8.932647e+04 1.391434e+00
5.145145e+04 8.838968e+04 1.378039e+00
5.150150e+04 8.746271e+04 1.364775e+00
5.155155e+04 8.654547e+04 1.351639e+00
5.160160e+04 8.563784e+04 1.338630e+00
5.165165e+04 8.473974e+04 1.325748e+00
5.170170e+04 8.385105e+04 1.312991e+00
5.175175e+04 8.297168e+04 1.300358e+00
5.180180e+04 8.210154e+04 1.287847e+00
5.185185e+04 8.124052e+04 1.275457e+00
5.190190e+04 8.038853e+04 1.263188e+00
5.195195e+04 7.954547e+04 1.251037e+00
5.200200e+04 7.871126e+04 1.239005e+00
5.205205e+04 7.788579e+04 1.227089e+00
5.210210e+04 7.706898e+04 1.215288e+00
5.215215e+04 7.626074e+04 1.203602e+00
5.220220e+04 7.546097e+04 1.192030e+00
5.225225e+04 7.466960e+04 1.180569e+00
5.230230e+04 7.388652e+04 1.169220e+00
5.235235e+04 7.311165e+04 1.157980e+00
5.240240e+04 7.234491e+04 1.146850e+00
5.245245e+04 7.158621e+04 1.135827e+00
5.250250e+04 7.083547e+04 1.124911e+00
5.255255e+04 7.009260e+04 1.114101e+00
5.260260e+04 6.935752e+04 1.103396e+00
5.265265e+04 6.863015e+04 1.092795e+00
5.270270e+04 6.791040e+04 1.082296e+00
5.275275e+04 6.719821e+04 1.071899e+00
5.280280e+04 6.649348e+04 1.061602e+00
5.285285e+04 6.579615e+04 1.051406e+00
5.290290e+04 6.510613e+04 1.041308e+00
5.295295e+04 6.442334e+04 1.031308e+00
5.300300e+04 6.374772e+04 1.021405e+00
5.305305e+04 6.307918e+04 1.011597e+00
5.310310e+04 6.241765e+04 1.001885e+00
5.315315e+04 6.176306e+04 9.922668e-01
5.320320e+04 6.111534e+04 9.827417e-01
5.325325e+04 6.047440e+04 9.733087e-01
5.330330e+04 5.984019e+04 9.639671e-01
5.335335e+04 5.921263e+04 9.547159e-01
5.340340e+04 5.859166e+04 9.455543e-01
5.345345e+04 5.797719e+04 9.364813e-01
5.350350e+04 5.736917e+04 9.274962e-01
5.355355e+04 5.676752e+04 9.185980e-01
5.360360e+04 5.617219e+04 9.097859e-01
5.365365e+04 5.558309e+04 9.010591e-01
5.370370e+04 5.500018e+04 8.924167e-01
5.375375e+04 5.442338e+04 8.838579e-01
5.380380e+04 5.385263e+04 8.753820e-01
5.385385e+04 5.328786e+04 8.669880e-01
5.390390e+04 5.272902e+04 8.586753e-01
5.395395e+04 5.217603e+04 8.504429e-01
5.400400e+04 5.162885e+04 8.422902e-01
5.405405e+04 5.108741e+04 8.342163e-01
5.410410e+04 5.055164e+04 8.262205e-01
5.415415e+04 5.002149e+04 8.183020e-01
5.420420e+04 4.949690e+04 8.104601e-01
5.425425e+04 4.897781e+04 8.026939e-01
5.430430e+04 4.846417e+04 7.950029e-01
5.435435e+04 4.795592e+04 7.873863e-01
5.440440e+04 4.745299e+04 7.798432e-01
5.445445e+04 4.695534e+04 7.723731e-01
5.450450e+04 4.646290e+04 7.649751e-01
5.455455e+04 4.597564e+04 7.576487e-01
5.460460e+04 4.549348e+04 7.503931e-01
5.465465e+04 4.501638e+04 7.432076e-01
5.470470e+04 4.454428e+04 7.360915e-01
5.475475e+04 4.407713e+04 7.290441e-01
5.480480e+04 4.361488e+04 7.220649e-01
5.485485e+04 4.315748e+04 7.151531e-01
5.490490e+04 4.270488e+04 7.083080e-01
5.495495e+04 4.225702e+04 7.015291e-01
5.500501e+04 4.181386e+04 6.948156e-01
5.505506e+04 4.137535e+04 6.881670e-01
5.510511e+04 4.094143e+04 6.815826e-01
5.515516e+04 4.051207e+04 6.750618e-01
5.520521e+04 4.008721e+04 6.686039e-01
5.525526e+04 3.966680e+04 6.622084e-01
5.530531e+04 3.925081e+04 6.558746e-01
5.535536e+04 3.883917e+04 6.496020e-01
5.540541e+04 3.843186e+04 6.433899e-01
5.545546e+04 3.802881e+04 6.372378e-01
5.550551e+04 3.762999e+04 6.311450e-01
5.555556e+04 3.723536e+04 6.251111e-01
5.560561e+04 3.684486e+04 6.191354e-01
5.565566e+04 3.645846e+04 6.132174e-01
5.570571e+04 3.607611e+04 6.073564e-01
5.575576e+04 3.569777e+04 6.015520e-01
5.580581e+04 3.532340e+04 5.958036e-01
5.585586e+04 3.495295e+04 5.901107e-01
5.590591e+04 3.458639e+04 5.844727e-01
5.595596e+04 3.422368e+04 5.788890e-01
5.600601e+04 3.386476e+04 5.733592e-01
5.605606e+04 3.350962e+04 5.678828e-01
5.610611e+04 3.315819e+04 5.624591e-01
5.615616e+04 3.281045e+04 5.570878e-01
5.620621e+04 3.246636e+04 5.517682e-01
5.625626e+04 3.212588e+04 5.464999e-01
5.630631e+04 3.178897e+04 5.412825e-01
5.635636e+04 3.145559e+04 5.361153e-01
5.640641e+04 3.112570e+04 5.309979e-01
5.645646e+04 3.079928e+04 5.259298e-01
5.650651e+04 3.047628e+04 5.209106e-01
5.655656e+04 3.015667e+04 5.159398e-01
5.660661e+04 2.984041e+04 5.110168e-01
5.665666e+04 2.952746e+04 5.061413e-01
5.670671e+04 2.921780e+04 5.013128e-01
5.675676e+04 2.891139e+04 4.965308e-01
5.680681e+04 2.860818e+04 4.917948e-01
5.685686e+04 2.830816e+04 4.871045e-01
5.690691e+04 2.801129e+04 4.824594e-01
5.695696e+04 2.771753e+04 4.778590e-01
5.700701e+04 2.742685e+04 4.733029e-01
5.705706e+04 2.713921e+04 4.687906e-01
5.710711e+04 2.685460e+04 4.643218e-01
5.715716e+04 2.657297e+04 4.598961e-01
5.720721e+04 2.629429e+04 4.555129e-01
5.725726e+04 2.601853e+04 4.511720e-01
5.730731e+04 2.574567e+04 4.468728e-01
5.735736e+04 2.547567e+04 4.426150e-01
5.740741e+04 2.520850e+04 4.383982e-01
5.745746e+04 2.494413e+04 4.342220e-01
5.750751e+04 2.468254e+04 4.300860e-01
5.755756e+04 2.442368e+04 4.259898e-01
5.760761e+04 2.416755e+04 4.219330e-01
5.765766e+04 2.391409e+04 4.179152e-01
5.770771e+04 2.366330e+04 4.139360e-01
5.775776e+04 2.341514e+04 4.099952e-01
5.780781e+04 2.316958e+04 4.060922e-01
5.785786e+04 2.292659e+04 4.022268e-01
5.790791e+04 2.268615e+04 3.983986e-01
5.795796e+04 2.244824e+04 3.946072e-01
5.800801e+04 2.221282e+04 3.908522e-01
5.805806e+04 2.197987e+04 3.871333e-01
5.810811e+04 2.174936e+04 3.834502e-01
5.815816e+04 2.152127e+04 3.798025e-01
5.820821e+04 2.129557e+04 3.761899e-01
5.825826e+04 2.107224e+04 3.726120e-01
5.830831e+04 2.085125e+04 3.690685e-01
5.835836e+04 2.063257e+04 3.655590e-01
5.840841e+04 2.041619e+04 3.620833e-01
5.845846e+04 2.020208e+04 3.586409e-01
5.850851e+04 1.999022e+04 3.552317e-01
5.855856e+04 1.978058e+04 3.518551e-01
5.860861e+04 1.957313e+04 3.485111e-01
5.865866e+04 1.936786e+04 3.451991e-01
5.870871e+04 1.916475e+04 3.419190e-01
5.875876e+04 1.896376e+04 3.386703e-01
5.880881e+04 1.876489e+04 3.354529e-01
5.885886e+04 1.856809e+04 3.322664e-01
5.890891e+04 1.837336e+04 3.291104e-01
5.895896e+04 1.818068e+04 3.259848e-01
5.900901e+04 1.799001e+04 3.228892e-01
5.905906e+04 1.780135e+04 3.198233e-01
5.910911e+04 1.761466e+04 3.167868e-01
5.915916e+04 1.742993e+04 3.137794e-01
5.920921e+04 1.724714e+04 3.108010e-01
5.925926e+04 1.706626e+04 3.078511e-01
5.930931e+04 1.688728e+04 3.049295e-01
5.935936e+04 1.671018e+04 3.020359e-01
5.940941e+04 1.653494e+04 2.991701e-01
5.945946e+04 1.636153e+04 2.963318e-01
5.950951e+04 1.618994e+04 2.935208e-01
5.955956e+04 1.602016e+04 2.907367e-01
5.960961e+04 1.585215e+04 2.879793e-01
5.965966e+04 1.568590e+04 2.852483e-01
5.970971e+04 1.552140e+04 2.825436e-01
5.975976e+04 1.535862e+04 2.798647e-01
5.980981e+04 1.519755e+04 2.772116e-01
5.985986e+04 1.503817e+04 2.745839e-01
5.990991e+04 1.488046e+04 2.719813e-01
5.995996e+04 1.472441e+04 2.694038e-01
6.001001e+04 1.456999e+04 2.668509e-01
6.006006e+04 1.441719e+04 2.643225e-01
6.011011e+04 1.426599e+04 2.618183e-01
6.016016e+04 1.411638e+04 2.593382e-01
6.021021e+04 1.396834e+04 2.568818e-01
6.026026e+04 1.382185e+04 2.544489e-01
6.031031e+04 1.367690e+04 2.520393e-01
6.036036e+04 1.353346e+04 2.496528e-01
6.041041e+04 1.339154e+04 2.472892e-01
6.046046e+04 1.325110e+04 2.449482e-01
6.051051e+04 1.311213e+04 2.426296e-01
6.056056e+04 1.297462e+04 2.403333e-01
6.061061e+04 1.283855e+04 2.380589e-01
6.066066e+04 1.270391e+04 2.358063e-01
6.071071e+04 1.257068e+04 2.335753e-01
6.076076e+04 1.243885e+04 2.313656e-01
6.081081e+04 1.230840e+04 2.291771e-01
6.086086e+04 1.217932e+04 2.270095e-01
6.091091e+04 1.205159e+04 2.248626e-01
6.096096e+04 1.192520e+04 2.227364e-01
6.101101e+04 1.180014e+04 2.206304e-01
6.106106e+04 1.167639e+04 2.185446e-01
6.111111e+04 1.155393e+04 2.164788e-01
6.116116e+04 1.143276e+04 2.144327e-01
6.121121e+04 1.131287e+04 2.124062e-01
6.126126e+04 1.119422e+04 2.103991e-01
6.131131e+04 1.107683e+04 2.084111e-01
6.136136e+04 1.096066e+04 2.064422e-01
6.141141e+04 1.084572e+04 2.044921e-01
6.146146e+04 1.073197e+04 2.025607e-01
6.151151e+04 1.061942e+04 2.006477e-01
6.156156e+04 1.050806e+04 1.987530e-01
6.161161e+04 1.039785e+04 1.968764e-01
6.166166e+04 1.028881e+04 1.950177e-01
6.171171e+04 1.018091e+04 1.931769e-01
6.176176e+04 1.007414e+04 1.913536e-01
6.181181e+04 9.968489e+03 1.895477e-01
6.186186e+04 9.863946e+03 1.877591e-01
6.191191e+04 9.760501e+03 1.859875e-01
6.196196e+04 9.658140e+03 1.842329e-01
6.201201e+04 9.556852e+03 1.824951e-01
6.206206e+04 9.456627e+03 1.807738e-01
6.211211e+04 9.357453e+03 1.790690e-01
6.216216e+04 9.259319e+03 1.773805e-01
6.221221e+04 9.162214e+03 1.757081e-01
6.226226e+04 9.066128e+03 1.740516e-01
6.231231e+04 8.971049e+03 1.724110e-01
6.236236e+04 8.876967e+03 1.707861e-01
6.241241e+04 8.783872e+03 1.691766e-01
6.246246e+04 8.691753e+03 1.675825e-01
6.251251e+04 8.600601e+03 1.660036e-01
6.256256e+04 8.510404e+03 1.644398e-01
6.261261e+04 8.421153e+03 1.628909e-01
6.266266e+04 8.332838e+03 1.613568e-01
6.271271e+04 8.245450e+03 1.598373e-01
6.276276e+04 8.158977e+03 1.583323e-01
6.281281e+04 8.073412e+03 1.568417e-01
6.286286e+04 7.988744e+03 1.553653e-01
6.291291e+04 7.904964e+03 1.539029e-01
6.296296e+04 7.822063e+03 1.524545e-01
6.301301e+04 7.740031e+03 1.510199e-01
6.306306e+04 7.658859e+03 1.495990e-01
6.311311e+04 7.578538e+03 1.481917e-01
6.316316e+04 7.499060e+03 1.467977e-01
6.321321e+04 7.420416e+03 1.454171e-01
6.326326e+04 7.342596e+03 1.440495e-01
6.331331e+04 7.265592e+03 1.426951e-01
6.336336e+04 7.189396e+03 1.413535e-01
6.341341e+04 7.113999e+03 1.400247e-01
6.346346e+04 7.039393e+03 1.387086e-01
6.351351e+04 6.965569e+03 1.374050e-01
6.356356e+04 6.892519e+03 1.361138e-01
6.361361e+04 6.820235e+03 1.348349e-01
6.366366e+04 6.748710e+03 1.335682e-01
6.371371e+04 6.677934e+03 1.323136e-01
6.376376e+04 6.607901e+03 1.310709e-01
6.381381e+04 6.538602e+03 1.298400e-01
6.386386e+04 6.470030e+03 1.286209e-01
6.391391e+04 6.402177e+03 1.274134e-01
6.396396e+04 6.335036e+03 1.262173e-01
6.401401e+04 6.268599e+03 1.250326e-01
6.406406e+04 6.202858e+03 1.238592e-01
6.411411e+04 6.137807e+03 1.226970e-01
6.416416e+04 6.073439e+03 1.215458e-01
6.421421e+04 6.009745e+03 1.204056e-01
6.426426e+04 5.946719e+03 1.192762e-01
6.431431e+04 5.884354e+03 1.181576e-01
6.436436e+04 5.822644e+03 1.170496e-01
6.441441e+04 5.761580e+03 1.159521e-01
6.446446e+04 5.701157e+03 1.148651e-01
6.451451e+04 5.641367e+03 1.137884e-01
6.456456e+04 5.582205e+03 1.127220e-01
6.461461e+04 5.523663e+03 1.116656e-01
6.466466e+04 5.465735e+03 1.106193e-01
6.471471e+04 5.408414e+03 1.095830e-01
6.476476e+04 5.351695e+03 1.085565e-01
6.481481e+04 5.295570e+03 1.075398e-01
6.486486e+04 5.240034e+03 1.065327e-01
6.491491e+04 5.185080e+03 1.055352e-01
6.496496e+04 5.130703e+03 1.045472e-01
6.501502e+04 5.076896e+03 1.035685e-01
6.506507e+04 5.023653e+03 1.025991e-01
6.511512e+04 4.970969e+03 1.016390e-01
6.516517e+04 4.918837e+03 1.006880e-01
6.521522e+04 4.867252e+03 9.974595e-02
6.526527e+04 4.816208e+03 9.881288e-02
6.531532e+04 4.765699e+03 9.788867e-02
6.536537e+04 4.715720e+03 9.697323e-02
6.541542e+04 4.666265e+03 9.606648e-02
6.546547e+04 4.617329e+03 9.516834e-02
6.551552e+04 4.568906e+03 9.427871e-02
6.556557e+04 4.520990e+03 9.339753e-02
6.561562e+04 4.473577e+03 9.252470e-02
6.566567e+04 4.426662e+03 9.166016e-02
6.571572e+04 4.380238e+03 9.080381e-02
6.576577e+04 4.334302e+03 8.995559e-02
6.581582e+04 4.288847e+03 8.911540e-02
6.586587e+04 4.243868e+03 8.828319e-02
6.591592e+04 4.199362e+03 8.745886e-02
6.596597e+04 4.155322e+03 8.664235e-02
6.601602e+04 4.111744e+03 8.583357e-02
6.606607e+04 4.068623e+03 8.503246e-02
6.611612e+04 4.025955e+03 8.423894e-02
6.616617e+04 3.983733e+03 8.345295e-02
6.621622e+04 3.941955e+03 8.267439e-02
6.626627e+04 3.900615e+03 8.190322e-02
6.631632e+04 3.859708e+03 8.113935e-02
6.636637e+04 3.819230e+03 8.038271e-02
6.641642e+04 3.779177e+03 7.963324e-02
6.646647e+04 3.739544e+03 7.889086e-02
6.651652e+04 3.700326e+03 7.815552e-02
6.656657e+04 3.661520e+03 7.742713e-02
6.661662e+04 3.623120e+03 7.670565e-02
6.666667e+04 3.585124e+03 7.599099e-02
6.671672e+04 3.547526e+03 7.528309e-02
6.676677e+04 3.510322e+03 7.458189e-02
6.681682e+04 3.473508e+03 7.388733e-02
6.686687e+04 3.437081e+03 7.319934e-02
6.691692e+04 3.401035e+03 7.251786e-02
6.696697e+04 3.365368e+03 7.184283e-02
6.701702e+04 3.330074e+03 7.117417e-02
6.706707e+04 3.295151e+03 7.051185e-02
6.711712e+04 3.260594e+03 6.985578e-02
6.716717e+04 3.226399e+03 6.920592e-02
6.721722e+04 3.192563e+03 6.856220e-02
6.726727e+04 3.159082e+03 6.792457e-02
6.731732e+04 3.125951e+03 6.729297e-02
6.736737e+04 3.093169e+03 6.666733e-02
6.741742e+04 3.060730e+03 6.604761e-02
6.746747e+04 3.028631e+03 6.543374e-02
6.751752e+04 2.996869e+03 6.482567e-02
6.756757e+04 2.965440e+03 6.422335e-02
6.761762e+04 2.934341e+03 6.362671e-02
6.766767e+04 2.903568e+03 6.303571e-02
6.771772e+04 2.873117e+03 6.245029e-02
6.776777e+04 2.842986e+03 6.187040e-02
6.781782e+04 2.813171e+03 6.129599e-02
6.786787e+04 2.783669e+03 6.072699e-02
6.791792e+04 2.754475e+03 6.016337e-02
6.796797e+04 2.725589e+03 5.960507e-02
6.801802e+04 2.697005e+03 5.905203e-02
6.806807e+04 2.668720e+03 5.850422e-02
6.811812e+04 2.640733e+03 5.796157e-02
6.816817e+04 2.613039e+03 5.742405e-02
6.821822e+04 2.585635e+03 5.689159e-02
6.826827e+04 2.558519e+03 5.636416e-02
6.831832e+04 2.531687e+03 5.584169e-02
6.836837e+04 2.505137e+03 5.532416e-02
6.841842e+04 2.478865e+03 5.481151e-02
6.846847e+04 2.452868e+03 5.430369e-02
6.851852e+04 2.427144e+03 5.380065e-02
6.856857e+04 2.401690e+03 5.330236e-02
6.861862e+04 2.376503e+03 5.280876e-02
6.866867e+04 2.351580e+03 5.231982e-02
6.871872e+04 2.326918e+03 5.183548e-02
6.876877e+04 2.302515e+03 5.135571e-02
6.881882e+04 2.278368e+03 5.088045e-02
6.886887e+04 2.254474e+03 5.040967e-02
6.891892e+04 2.230831e+03 4.994333e-02
6.896897e+04 2.207436e+03 4.948137e-02
6.901902e+04 2.184286e+03 4.902377e-02
6.906907e+04 2.161379e+03 4.857047e-02
6.911912e+04 2.138712e+03 4.812144e-02
6.916917e+04 2.116283e+03 4.767664e-02
6.921922e+04 2.094089e+03 4.723602e-02
6.926927e+04 2.072127e+03 4.679955e-02
6.931932e+04 2.050396e+03 4.636719e-02
6.936937e+04 2.028893e+03 4.593889e-02
6.941942e+04 2.007616e+03 4.551462e-02
6.946947e+04 1.986561e+03 4.509435e-02
6.951952e+04 1.965728e+03 4.467802e-02
6.956957e+04 1.945113e+03 4.426561e-02
6.961962e+04 1.924714e+03 4.385708e-02
6.966967e+04 1.904529e+03 4.345239e-02
6.971972e+04 1.884556e+03 4.305150e-02
6.976977e+04 1.864792e+03 4.265438e-02
6.981982e+04 1.845235e+03 4.226099e-02
6.986987e+04 1.825884e+03 4.187130e-02
6.991992e+04 1.806735e+03 4.148527e-02
6.996997e+04 1.787788e+03 4.110287e-02
7.002002e+04 1.769039e+03 4.071236e-02
7.007007e+04 1.750486e+03 4.030821e-02
7.012012e+04 1.732128e+03 3.990808e-02
7.017017e+04 1.713963e+03 3.951194e-02
7.022022e+04 1.695988e+03 3.911974e-02
7.027027e+04 1.678202e+03 3.873145e-02
7.032032e+04 1.660602e+03 3.834703e-02
7.037037e+04 1.643187e+03 3.796643e-02
7.042042e+04 1.625955e+03 3.758963e-02
7.047047e+04 1.608903e+03 3.721657e-02
7.052052e+04 1.592030e+03 3.684723e-02
7.057057e+04 1.575334e+03 3.648157e-02
7.062062e+04 1.558813e+03 3.611954e-02
7.067067e+04 1.542465e+03 3.576112e-02
7.072072e+04 1.526289e+03 3.540627e-02
7.077077e+04 1.510282e+03 3.505496e-02
7.082082e+04 1.494444e+03 3.470713e-02
7.087087e+04 1.478771e+03 3.436278e-02
7.092092e+04 1.463263e+03 3.402184e-02
7.097097e+04 1.447917e+03 3.368431e-02
7.102102e+04 1.432732e+03 3.335013e-02
7.107107e+04 1.417707e+03 3.301928e-02
7.112112e+04 1.402839e+03 3.269172e-02
7.117117e+04 1.388127e+03 3.236742e-02
7.122122e+04 1.373570e+03 3.204635e-02
7.127127e+04 1.359165e+03 3.172847e-02
7.132132e+04 1.344911e+03 3.141376e-02
7.137137e+04 1.330806e+03 3.110218e-02
7.142142e+04 1.316850e+03 3.079370e-02
7.147147e+04 1.303040e+03 3.048829e-02
7.152152e+04 1.289374e+03 3.018592e-02
7.157157e+04 1.275852e+03 2.988656e-02
7.162162e+04 1.262472e+03 2.959017e-02
7.167167e+04 1.249232e+03 2.929674e-02
7.172172e+04 1.236131e+03 2.900622e-02
7.177177e+04 1.223168e+03 2.871860e-02
7.182182e+04 1.210340e+03 2.843384e-02
7.187187e+04 1.197647e+03 2.815191e-02
7.192192e+04 1.185087e+03 2.787278e-02
7.197197e+04 1.172658e+03 2.759643e-02
7.202202e+04 1.160360e+03 2.732283e-02
7.207207e+04 1.148191e+03 2.705195e-02
7.212212e+04 1.136150e+03 2.678377e-02
7.217217e+04 1.124235e+03 2.651825e-02
7.222222e+04 1.112445e+03 2.625538e-02
7.227227e+04 1.100778e+03 2.599512e-02
7.232232e+04 1.089234e+03 2.573745e-02
7.237237e+04 1.077811e+03 2.548234e-02
7.242242e+04 1.066508e+03 2.522977e-02
7.247247e+04 1.055323e+03 2.497971e-02
7.252252e+04 1.044256e+03 2.473213e-02
7.257257e+04 1.033304e+03 2.448702e-02
7.262262e+04 1.022468e+03 2.424435e-02
7.267267e+04 1.011745e+03 2.400409e-02
7.272272e+04 1.001134e+03 2.376622e-02
7.277277e+04 9.906352e+02 2.353071e-02
7.282282e+04 9.802461e+02 2.329754e-02
7.287287e+04 9.699660e+02 2.306670e-02
7.292292e+04 9.597938e+02 2.283815e-02
7.297297e+04 9.497282e+02 2.261187e-02
7.302302e+04 9.397681e+02 2.238784e-02
7.307307e+04 9.299125e+02 2.216604e-02
7.312312e+04 9.201603e+02 2.194644e-02
7.317317e+04 9.105103e+02 2.172902e-02
7.322322e+04 9.009616e+02 2.151377e-02
7.327327e+04 8.915129e+02 2.130066e-02
7.332332e+04 8.821634e+02 2.108966e-02
7.337337e+04 8.729119e+02 2.088077e-02
7.342342e+04 8.637575e+02 2.067394e-02
7.347347e+04 8.546990e+02 2.046918e-02
7.352352e+04 8.457356e+02 2.026645e-02
7.357357e+04 8.368661e+02 2.006573e-02
7.362362e+04 8.280897e+02 1.986701e-02
7.367367e+04 8.194053e+02 1.967027e-02
7.372372e+04 8.108120e+02 1.947547e-02
7.377377e+04 8.023088e+02 1.928262e-02
7.382382e+04 7.938948e+02 1.909168e-02
7.387387e+04 7.855690e+02 1.890264e-02
7.392392e+04 7.773305e+02 1.871548e-02
7.397397e+04 7.691785e+02 1.853017e-02
7.402402e+04 7.611119e+02 1.834671e-02
7.407407e+04 7.531299e+02 1.816507e-02
7.412412e+04 7.452316e+02 1.798524e-02
7.417417e+04 7.374162e+02 1.780719e-02
7.422422e+04 7.296827e+02 1.763091e-02
7.427427e+04 7.220304e+02 1.745638e-02
7.432432e+04 7.144582e+02 1.728359e-02
7.437437e+04 7.069655e+02 1.711251e-02
7.442442e+04 6.995514e+02 1.694313e-02
7.447447e+04 6.922150e+02 1.677543e-02
7.452452e+04 6.849556e+02 1.660940e-02
7.457457e+04 6.777723e+02 1.644502e-02
7.462462e+04 6.706643e+02 1.628227e-02
7.467467e+04 6.636309e+02 1.612114e-02
7.472472e+04 6.566712e+02 1.596161e-02
7.477477e+04 6.497845e+02 1.580366e-02
7.482482e+04 6.429701e+02 1.564728e-02
7.487487e+04 6.362271e+02 1.549246e-02
7.492492e+04 6.295548e+02 1.533917e-02
7.497497e+04 6.229525e+02 1.518740e-02
7.502503e+04 6.164194e+02 1.503714e-02
7.507508e+04 6.099549e+02 1.488837e-02
7.512513e+04 6.035581e+02 1.474108e-02
7.517518e+04 5.972284e+02 1.459526e-02
7.522523e+04 5.909651e+02 1.445088e-02
7.527528e+04 5.847675e+02 1.430793e-02
7.532533e+04 5.786349e+02 1.416640e-02
7.537538e+04 5.725666e+02 1.402628e-02
7.542543e+04 5.665620e+02 1.388755e-02
7.547548e+04 5.606203e+02 1.375019e-02
7.552553e+04 5.547409e+02 1.361420e-02
7.557558e+04 5.489232e+02 1.347956e-02
7.562563e+04 5.431665e+02 1.334626e-02
7.567568e+04 5.374702e+02 1.321428e-02
7.572573e+04 5.318336e+02 1.308360e-02
7.577578e+04 5.262561e+02 1.295423e-02
7.582583e+04 5.207371e+02 1.282614e-02
7.587588e+04 5.152760e+02 1.269932e-02
7.592593e+04 5.098722e+02 1.257376e-02
7.597598e+04 5.045250e+02 1.244944e-02
7.602603e+04 4.992339e+02 1.232636e-02
7.607608e+04 4.939984e+02 1.220450e-02
7.612613e+04 4.888177e+02 1.208385e-02
7.617618e+04 4.836913e+02 1.196440e-02
7.622623e+04 4.786187e+02 1.184613e-02
7.627628e+04 4.735993e+02 1.172903e-02
7.632633e+04 4.686326e+02 1.161310e-02
7.637638e+04 4.637179e+02 1.149832e-02
7.642643e+04 4.588547e+02 1.138467e-02
7.647648e+04 4.540426e+02 1.127216e-02
7.652653e+04 4.492810e+02 1.116076e-02
7.657658e+04 4.445692e+02 1.105046e-02
7.662663e+04 4.399069e+02 1.094126e-02
7.667668e+04 4.352935e+02 1.083314e-02
7.672673e+04 4.307285e+02 1.072610e-02
7.677678e+04 4.262113e+02 1.062011e-02
7.682683e+04 4.217415e+02 1.051518e-02
7.687688e+04 4.173186e+02 1.041129e-02
7.692693e+04 4.129421e+02 1.030842e-02
7.697698e+04 4.086114e+02 1.020658e-02
7.702703e+04 4.043262e+02 1.010575e-02
7.707708e+04 4.000860e+02 1.000592e-02
7.712713e+04 3.958901e+02 9.907076e-03
7.717718e+04 3.917383e+02 9.809214e-03
7.722723e+04 3.876301e+02 9.712323e-03
7.727728e+04 3.835649e+02 9.616392e-03
7.732733e+04 3.795424e+02 9.521412e-03
7.737738e+04 3.755620e+02 9.427374e-03
7.742743e+04 3.716234e+02 9.334269e-03
7.747748e+04 3.677261e+02 9.242086e-03
7.752753e+04 3.638696e+02 9.150817e-03
7.757758e+04 3.600536e+02 9.060454e-03
7.762763e+04 3.562777e+02 8.970985e-03
7.767768e+04 3.525413e+02 8.882404e-03
7.772773e+04 3.488441e+02 8.794701e-03
7.777778e+04 3.451857e+02 8.707867e-03
7.782783e+04 3.415656e+02 8.621893e-03
7.787788e+04 3.379835e+02 8.536772e-03
7.792793e+04 3.344390e+02 8.452495e-03
7.797798e+04 3.309317e+02 8.369052e-03
7.802803e+04 3.274611e+02 8.286437e-03
7.807808e+04 3.240269e+02 8.204640e-03
7.812813e+04 3.206288e+02 8.123654e-03
7.817818e+04 3.172663e+02 8.043471e-03
7.822823e+04 3.139390e+02 7.964082e-03
7.827828e+04 3.106466e+02 7.885479e-03
7.832833e+04 3.073888e+02 7.807656e-03
7.837838e+04 3.041651e+02 7.730603e-03
7.842843e+04 3.009753e+02 7.654314e-03
7.847848e+04 2.978189e+02 7.578781e-03
7.852853e+04 2.946956e+02 7.503996e-03
7.857858e+04 2.916050e+02 7.429952e-03
7.862863e+04 2.885469e+02 7.356641e-03
7.867868e+04 2.855208e+02 7.284057e-03
7.872873e+04 2.825265e+02 7.212192e-03
7.877878e+04 2.795636e+02 7.141038e-03
7.882883e+04 2.766317e+02 7.070589e-03
7.887888e+04 2.737306e+02 7.000838e-03
7.892893e+04 2.708599e+02 6.931778e-03
7.897898e+04 2.680193e+02 6.863402e-03
7.902903e+04 2.652085e+02 6.795703e-03
7.907908e+04 2.624272e+02 6.728674e-03
7.912913e+04 2.596751e+02 6.662309e-03
7.917918e+04 2.569518e+02 6.596602e-03
7.922923e+04 2.542571e+02 6.531545e-03
7.927928e+04 2.515906e+02 6.467132e-03
7.932933e+04 2.489521e+02 6.403357e-03
7.937938e+04 2.463413e+02 6.340213e-03
7.942943e+04 2.437579e+02 6.277695e-03
7.947948e+04 2.412015e+02 6.215796e-03
7.952953e+04 2.386720e+02 6.154509e-03
7.957958e+04 2.361690e+02 6.093829e-03
7.962963e+04 2.336922e+02 6.033750e-03
7.967968e+04 2.312414e+02 5.974265e-03
7.972973e+04 2.288163e+02 5.915370e-03
7.977978e+04 2.264167e+02 5.857057e-03
7.982983e+04 2.240422e+02 5.799322e-03
7.987988e+04 2.216926e+02 5.742158e-03
7.992993e+04 2.193676e+02 5.685559e-03
7.997998e+04 2.170671e+02 5.629521e-03
8.003003e+04 2.147906e+02 5.574038e-03
8.008008e+04 2.125381e+02 5.519103e-03
8.013013e+04 2.103091e+02 5.464712e-03
8.018018e+04 2.081036e+02 5.410860e-03
8.023023e+04 2.059211e+02 5.357540e-03
8.028028e+04 2.037616e+02 5.304748e-03
8.033033e+04 2.016247e+02 5.252478e-03
8.038038e+04 1.995102e+02 5.200726e-03
8.043043e+04 1.974179e+02 5.149485e-03
8.048048e+04 1.953475e+02 5.098752e-03
8.053053e+04 1.932988e+02 5.048520e-03
8.058058e+04 1.912717e+02 4.998785e-03
8.063063e+04 1.892657e+02 4.949542e-03
8.068068e+04 1.872809e+02 4.900787e-03
8.073073e+04 1.853168e+02 4.852513e-03
8.078078e+04 1.833733e+02 4.804718e-03
8.083083e+04 1.814502e+02 4.757394e-03
8.088088e+04 1.795473e+02 4.710539e-03
8.093093e+04 1.776644e+02 4.664148e-03
8.098098e+04 1.758012e+02 4.618215e-03
8.103103e+04 1.739575e+02 4.572736e-03
8.108108e+04 1.721331e+02 4.527708e-03
8.113113e+04 1.703279e+02 4.483124e-03
8.118118e+04 1.685417e+02 4.438981e-03
8.123123e+04 1.667741e+02 4.395275e-03
8.128128e+04 1.650251e+02 4.352001e-03
8.133133e+04 1.632945e+02 4.309155e-03
8.138138e+04 1.615820e+02 4.266732e-03
8.143143e+04 1.598874e+02 4.224729e-03
8.148148e+04 1.582106e+02 4.183141e-03
8.153153e+04 1.565514e+02 4.141965e-03
8.158158e+04 1.549096e+02 4.101195e-03
8.163163e+04 1.532851e+02 4.060828e-03
8.168168e+04 1.516775e+02 4.020861e-03
8.173173e+04 1.500868e+02 3.981288e-03
8.178178e+04 1.485128e+02 3.942107e-03
8.183183e+04 1.469553e+02 3.903313e-03
8.188188e+04 1.454142e+02 3.864902e-03
8.193193e+04 1.438892e+02 3.826871e-03
8.198198e+04 1.423802e+02 3.789216e-03
8.203203e+04 1.408870e+02 3.751932e-03
8.208208e+04 1.394095e+02 3.715018e-03
8.213213e+04 1.379475e+02 3.678468e-03
8.218218e+04 1.365008e+02 3.642279e-03
8.223223e+04 1.350692e+02 3.606448e-03
8.228228e+04 1.336527e+02 3.570971e-03
8.233233e+04 1.322511e+02 3.535844e-03
8.238238e+04 1.308641e+02 3.501065e-03
8.243243e+04 1.294917e+02 3.466629e-03
8.248248e+04 1.281337e+02 3.432533e-03
8.253253e+04 1.267899e+02 3.398774e-03
8.258258e+04 1.254603e+02 3.365348e-03
8.263263e+04 1.241445e+02 3.332253e-03
8.268268e+04 1.228426e+02 3.299485e-03
8.273273e+04 1.215543e+02 3.267040e-03
8.278278e+04 1.202795e+02 3.234915e-03
8.283283e+04 1.190181e+02 3.203108e-03
8.288288e+04 1.177700e+02 3.171616e-03
8.293293e+04 1.165349e+02 3.140434e-03
8.298298e+04 1.153128e+02 3.109560e-03
8.303303e+04 1.141034e+02 3.078991e-03
8.308308e+04 1.129068e+02 3.048723e-03
8.313313e+04 1.117227e+02 3.018755e-03
8.318318e+04 1.105511e+02 2.989083e-03
8.323323e+04 1.093917e+02 2.959703e-03
8.328328e+04 1.082445e+02 2.930614e-03
8.333333e+04 1.071093e+02 2.901812e-03
8.338338e+04 1.059860e+02 2.873294e-03
8.343343e+04 1.048745e+02 2.845057e-03
8.348348e+04 1.037746e+02 2.817100e-03
8.353353e+04 1.026863e+02 2.789418e-03
8.358358e+04 1.016094e+02 2.762010e-03
8.363363e+04 1.005438e+02 2.734872e-03
8.368368e+04 9.948940e+01 2.708002e-03
8.373373e+04 9.844603e+01 2.681397e-03
8.378378e+04 9.741360e+01 2.655055e-03
8.383383e+04 9.639199e+01 2.628972e-03
8.388388e+04 9.538111e+01 2.603148e-03
8.393393e+04 9.438082e+01 2.577577e-03
8.398398e+04 9.339102e+01 2.552260e-03
8.403403e+04 9.241161e+01 2.527192e-03
8.408408e+04 9.144246e+01 2.502371e-03
8.413413e+04 9.048348e+01 2.477796e-03
8.418418e+04 8.953456e+01 2.453462e-03
8.423423e+04 8.859559e+01 2.429369e-03
8.428428e+04 8.766646e+01 2.405514e-03
8.433433e+04 8.674708e+01 2.381894e-03
8.438438e+04 8.583734e+01 2.358507e-03
8.443443e+04 8.493714e+01 2.335350e-03
8.448448e+04 8.404639e+01 2.312422e-03
8.453453e+04 8.316497e+01 2.289720e-03
8.458458e+04 8.229280e+01 2.267243e-03
8.463463e+04 8.142977e+01 2.244986e-03
8.468468e+04 8.057580e+01 2.222950e-03
8.473473e+04 7.973078e+01 2.201130e-03
8.478478e+04 7.889462e+01 2.179526e-03
8.483483e+04 7.806723e+01 2.158135e-03
8.488488e+04 7.724852e+01 2.136954e-03
8.493493e+04 7.643839e+01 2.115983e-03
8.498498e+04 7.563676e+01 2.095218e-03
8.503504e+04 7.484354e+01 2.074659e-03
8.508509e+04 7.405864e+01 2.054301e-03
8.513514e+04 7.328197e+01 2.034145e-03
8.518519e+04 7.251344e+01 2.014187e-03
8.523524e+04 7.175297e+01 1.994426e-03
8.528529e+04 7.100048e+01 1.974860e-03
8.533534e+04 7.025588e+01 1.955486e-03
8.538539e+04 6.951909e+01 1.936304e-03
8.543544e+04 6.879002e+01 1.917311e-03
8.548549e+04 6.806860e+01 1.898504e-03
8.553554e+04 6.735475e+01 1.879884e-03
8.558559e+04 6.664838e+01 1.861446e-03
8.563564e+04 6.594942e+01 1.843191e-03
8.568569e+04 6.525780e+01 1.825115e-03
8.573574e+04 6.457342e+01 1.807217e-03
8.578579e+04 6.389622e+01 1.789496e-03
8.583584e+04 6.322613e+01 1.771950e-03
8.588589e+04 6.256306e+01 1.754576e-03
8.593594e+04 6.190694e+01 1.737373e-03
8.598599e+04 6.125771e+01 1.720340e-03
8.603604e+04 6.061528e+01 1.703475e-03
8.608609e+04 5.997959e+01 1.686776e-03
8.613614e+04 5.935057e+01 1.670241e-03
8.618619e+04 5.872815e+01 1.653869e-03
8.623624e+04 5.811225e+01 1.637659e-03
8.628629e+04 5.750281e+01 1.621608e-03
8.633634e+04 5.689977e+01 1.605715e-03
8.638639e+04 5.630304e+01 1.589979e-03
8.643644e+04 5.571258e+01 1.574398e-03
8.648649e+04 5.512831e+01 1.558970e-03
8.653654e+04 5.455016e+01 1.543694e-03
8.658659e+04 5.397808e+01 1.528569e-03
8.663664e+04 5.341200e+01 1.513592e-03
8.668669e+04 5.285185e+01 1.498763e-03
8.673674e+04 5.229758e+01 1.484080e-03
8.678679e+04 5.174912e+01 1.469542e-03
8.683684e+04 5.120642e+01 1.455146e-03
8.688689e+04 5.066940e+01 1.440893e-03
8.693694e+04 5.013802e+01 1.426779e-03
8.698699e+04 4.961221e+01 1.412805e-03
8.703704e+04 4.909191e+01 1.398968e-03
8.708709e+04 4.857707e+01 1.385268e-03
8.713714e+04 4.806763e+01 1.371702e-03
8.718719e+04 4.756353e+01 1.358270e-03
8.723724e+04 4.706472e+01 1.344970e-03
8.728729e+04 4.657114e+01 1.331800e-03
8.733734e+04 4.608274e+01 1.318761e-03
8.738739e+04 4.559946e+01 1.305850e-03
8.743744e+04 4.512124e+01 1.293065e-03
8.748749e+04 4.464805e+01 1.280407e-03
8.753754e+04 4.417981e+01 1.267873e-03
8.758759e+04 4.371648e+01 1.255462e-03
8.763764e+04 4.325802e+01 1.243174e-03
8.768769e+04 4.280436e+01 1.231006e-03
8.773774e+04 4.235546e+01 1.218959e-03
8.778779e+04 4.191127e+01 1.207029e-03
8.783784e+04 4.147173e+01 1.195217e-03
8.788789e+04 4.103681e+01 1.183521e-03
8.793794e+04 4.060644e+01 1.171941e-03
8.798799e+04 4.018059e+01 1.160474e-03
8.803804e+04 3.975921e+01 1.149120e-03
8.808809e+04 3.934224e+01 1.137877e-03
8.813814e+04 3.892965e+01 1.126745e-03
8.818819e+04 3.852139e+01 1.115723e-03
8.823824e+04 3.811740e+01 1.104809e-03
8.828829e+04 3.771766e+01 1.094002e-03
8.833834e+04 3.732210e+01 1.083302e-03
8.838839e+04 3.693069e+01 1.072707e-03
8.843844e+04 3.654339e+01 1.062216e-03
8.848849e+04 3.616015e+01 1.051828e-03
8.853854e+04 3.578093e+01 1.041542e-03
8.858859e+04 3.540569e+01 1.031357e-03
8.863864e+04 3.503438e+01 1.021273e-03
8.868869e+04 3.466696e+01 1.011287e-03
8.873874e+04 3.430340e+01 1.001400e-03
8.878879e+04 3.394365e+01 9.916097e-04
8.883884e+04 3.358768e+01 9.819158e-04
8.888889e+04 3.323544e+01 9.723172e-04
8.893894e+04 3.288689e+01 9.628129e-04
8.898899e+04 3.254199e+01 9.534020e-04
8.903904e+04 3.220072e+01 9.440836e-04
8.908909e+04 3.186302e+01 9.348567e-04
8.913914e+04 3.152886e+01 9.257205e-04
8.918919e+04 3.119821e+01 9.166741e-04
8.923924e+04 3.087103e+01 9.077165e-04
8.928929e+04 3.054728e+01 8.988469e-04
8.933934e+04 3.022692e+01 8.900645e-04
8.938939e+04 2.990992e+01 8.813683e-04
8.943944e+04 2.959625e+01 8.727576e-04
8.948949e+04 2.928586e+01 8.642315e-04
8.953954e+04 2.897874e+01 8.557890e-04
8.958959e+04 2.867483e+01 8.474296e-04
8.963964e+04 2.837411e+01 8.391522e-04
8.968969e+04 2.807654e+01 8.309561e-04
8.973974e+04 2.778210e+01 8.228404e-04
8.978979e+04 2.749074e+01 8.148045e-04
8.983984e+04 2.720244e+01 8.068475e-04
8.988989e+04 2.691716e+01 7.989686e-04
8.993994e+04 2.663487e+01 7.911671e-04
8.998999e+04 2.635554e+01 7.834422e-04
9.004004e+04 2.607914e+01 7.757931e-04
9.009009e+04 2.580565e+01 7.682191e-04
9.014014e+04 2.553502e+01 7.607195e-04
9.019019e+04 2.526722e+01 7.532934e-04
9.024024e+04 2.500224e+01 7.459403e-04
9.029029e+04 2.474003e+01 7.386593e-04
9.034034e+04 2.448058e+01 7.314498e-04
9.039039e+04 2.422384e+01 7.243111e-04
9.044044e+04 2.396980e+01 7.172424e-04
9.049049e+04 2.371843e+01 7.102431e-04
9.054054e+04 2.346968e+01 7.033125e-04
9.059059e+04 2.322355e+01 6.964499e-04
9.064064e+04 2.298000e+01 6.896546e-04
9.069069e+04 2.273900e+01 6.829260e-04
9.074074e+04 2.250053e+01 6.762634e-04
9.079079e+04 2.226456e+01 6.696662e-04
9.084084e+04 2.203107e+01 6.631337e-04
9.089089e+04 2.180002e+01 6.566653e-04
9.094094e+04 2.157140e+01 6.502603e-04
9.099099e+04 2.134518e+01 6.439181e-04
9.104104e+04 2.112132e+01 6.376382e-04
9.109109e+04 2.089982e+01 6.314199e-04
9.114114e+04 2.068064e+01 6.252625e-04
9.119119e+04 2.046375e+01 6.191656e-04
9.124124e+04 2.024915e+01 6.131284e-04
9.129129e+04 2.003679e+01 6.071504e-04
9.134134e+04 1.982666e+01 6.012311e-04
9.139139e+04 1.961873e+01 5.953697e-04
9.144144e+04 1.941298e+01 5.895659e-04
9.149149e+04 1.920939e+01 5.838190e-04
9.154154e+04 1.900794e+01 5.781284e-04
9.159159e+04 1.880860e+01 5.724936e-04
9.164164e+04 1.861135e+01 5.669140e-04
9.169169e+04 1.841617e+01 5.613891e-04
9.174174e+04 1.822303e+01 5.559184e-04
9.179179e+04 1.803192e+01 5.505013e-04
9.184184e+04 1.784282e+01 5.451373e-04
9.189189e+04 1.765569e+01 5.398258e-04
9.194194e+04 1.747053e+01 5.345665e-04
9.199199e+04 1.728732e+01 5.293586e-04
9.204204e+04 1.710602e+01 5.242018e-04
9.209209e+04 1.692662e+01 5.190955e-04
9.214214e+04 1.674911e+01 5.140393e-04
9.219219e+04 1.657346e+01 5.090326e-04
9.224224e+04 1.639965e+01 5.040749e-04
9.229229e+04 1.622766e+01 4.991658e-04
9.234234e+04 1.605748e+01 4.943048e-04
9.239239e+04 1.588908e+01 4.894915e-04
9.244244e+04 1.572244e+01 4.847252e-04
9.249249e+04 1.555756e+01 4.800057e-04
9.254254e+04 1.539440e+01 4.753324e-04
9.259259e+04 1.523296e+01 4.707048e-04
9.264264e+04 1.507321e+01 4.661226e-04
9.269269e+04 1.491513e+01 4.615853e-04
9.274274e+04 1.475871e+01 4.570924e-04
9.279279e+04 1.460393e+01 4.526434e-04
9.284284e+04 1.445078e+01 4.482381e-04
9.289289e+04 1.429923e+01 4.438758e-04
9.294294e+04 1.414927e+01 4.395563e-04
9.299299e+04 1.400088e+01 4.352791e-04
9.304304e+04 1.385405e+01 4.310437e-04
9.309309e+04 1.370876e+01 4.268498e-04
9.314314e+04 1.356499e+01 4.226970e-04
9.319319e+04 1.342273e+01 4.185848e-04
9.324324e+04 1.328196e+01 4.145129e-04
9.329329e+04 1.314267e+01 4.104808e-04
9.334334e+04 1.300484e+01 4.064881e-04
9.339339e+04 1.286846e+01 4.025346e-04
9.344344e+04 1.273350e+01 3.986197e-04
9.349349e+04 1.259996e+01 3.947432e-04
9.354354e+04 1.246782e+01 3.909045e-04
9.359359e+04 1.233707e+01 3.871035e-04
9.364364e+04 1.220769e+01 3.833396e-04
9.369369e+04 1.207966e+01 3.796125e-04
9.374374e+04 1.195298e+01 3.759219e-04
9.379379e+04 1.182763e+01 3.722674e-04
9.384384e+04 1.170359e+01 3.686487e-04
9.389389e+04 1.158085e+01 3.650653e-04
9.394394e+04 1.145940e+01 3.615170e-04
9.399399e+04 1.133922e+01 3.580034e-04
9.404404e+04 1.122030e+01 3.545242e-04
9.409409e+04 1.110263e+01 3.510790e-04
9.414414e+04 1.098620e+01 3.476675e-04
9.419419e+04 1.087098e+01 3.442893e-04
9.424424e+04 1.075697e+01 3.409442e-04
9.429429e+04 1.064416e+01 3.376317e-04
9.434434e+04 1.053253e+01 3.343517e-04
9.439439e+04 1.042208e+01 3.311037e-04
9.444444e+04 1.031278e+01 3.278875e-04
9.449449e+04 1.020463e+01 3.247027e-04
9.454454e+04 1.009761e+01 3.215491e-04
9.459459e+04 9.991711e+00 3.184262e-04
9.464464e+04 9.886925e+00 3.153339e-04
9.469469e+04 9.783238e+00 3.122719e-04
9.474474e+04 9.680639e+00 3.092397e-04
9.479479e+04 9.579115e+00 3.062372e-04
9.484484e+04 9.478657e+00 3.032640e-04
9.489489e+04 9.379252e+00 3.003199e-04
9.494494e+04 9.280889e+00 2.974045e-04
9.499499e+04 9.183558e+00 2.945176e-04
9.504505e+04 9.087247e+00 2.915156e-04
9.509510e+04 8.991947e+00 2.885284e-04
9.514515e+04 8.897646e+00 2.855719e-04
9.519520e+04 8.804334e+00 2.826456e-04
9.524525e+04 8.712001e+00 2.797494e-04
9.529530e+04 8.620636e+00 2.768829e-04
9.534535e+04 8.530229e+00 2.740457e-04
9.539540e+04 8.440770e+00 2.712377e-04
9.544545e+04 8.352250e+00 2.684584e-04
9.549550e+04 8.264658e+00 2.657076e-04
9.554555e+04 8.177984e+00 2.629851e-04
9.559560e+04 8.092219e+00 2.602904e-04
9.564565e+04 8.007354e+00 2.576234e-04
9.569570e+04 7.923379e+00 2.549837e-04
9.574575e+04 7.840284e+00 2.523710e-04
9.579580e+04 7.758061e+00 2.497852e-04
9.584585e+04 7.676701e+00 2.472259e-04
9.589590e+04 7.596193e+00 2.446928e-04
9.594595e+04 7.516530e+00 2.421856e-04
9.599600e+04 7.437702e+00 2.397042e-04
9.604605e+04 7.359701e+00 2.372482e-04
9.609610e+04 7.282518e+00 2.348174e-04
9.614615e+04 7.206144e+00 2.324115e-04
9.619620e+04 7.130571e+00 2.300303e-04
9.624625e+04 7.055791e+00 2.276735e-04
9.629630e+04 6.981795e+00 2.253408e-04
9.634635e+04 6.908575e+00 2.230321e-04
9.639640e+04 6.836123e+00 2.207470e-04
9.644645e+04 6.764431e+00 2.184853e-04
9.649650e+04 6.693491e+00 2.162469e-04
9.654655e+04 6.623294e+00 2.140314e-04
9.659660e+04 6.553834e+00 2.118385e-04
9.664665e+04 6.485102e+00 2.096682e-04
9.669670e+04 6.417091e+00 2.075201e-04
9.674675e+04 6.349794e+00 2.053941e-04
9.679680e+04 6.283202e+00 2.032898e-04
9.684685e+04 6.217308e+00 2.012071e-04
9.689690e+04 6.152106e+00 1.991458e-04
9.694695e+04 6.087587e+00 1.971055e-04
9.699700e+04 6.023745e+00 1.950862e-04
9.704705e+04 5.960572e+00 1.930876e-04
9.709710e+04 5.898062e+00 1.911095e-04
9.714715e+04 5.836208e+00 1.891517e-04
9.719720e+04 5.775002e+00 1.872139e-04
9.724725e+04 5.714438e+00 1.852960e-04
9.729730e+04 5.654509e+00 1.833977e-04
9.734735e+04 5.595209e+00 1.815189e-04
9.739740e+04 5.536530e+00 1.796594e-04
9.744745e+04 5.478467e+00 1.778189e-04
9.749750e+04 5.421013e+00 1.759973e-04
9.754755e+04 5.364162e+00 1.741944e-04
9.759760e+04 5.307906e+00 1.724099e-04
9.764765e+04 5.252241e+00 1.706437e-04
9.769770e+04 5.197159e+00 1.688957e-04
9.774775e+04 5.142655e+00 1.671655e-04
9.779780e+04 5.088723e+00 1.654531e-04
9.784785e+04 5.035356e+00 1.637582e-04
9.789790e+04 4.982549e+00 1.620807e-04
9.794795e+04 4.930296e+00 1.604204e-04
9.799800e+04 4.878591e+00 1.587772e-04
9.804805e+04 4.827428e+00 1.571507e-04
9.809810e+04 4.776801e+00 1.555410e-04
9.814815e+04 4.726705e+00 1.539477e-04
9.819820e+04 4.677135e+00 1.523707e-04
9.824825e+04 4.628085e+00 1.508100e-04
9.829830e+04 4.579549e+00 1.492652e-04
9.834835e+04 4.531522e+00 1.477362e-04
9.839840e+04 4.483999e+00 1.462230e-04
9.844845e+04 4.436974e+00 1.447252e-04
9.849850e+04 4.390442e+00 1.432428e-04
9.854855e+04 4.344399e+00 1.417755e-04
9.859860e+04 4.298838e+00 1.403234e-04
9.864865e+04 4.253755e+00 1.388860e-04
9.869870e+04 4.209144e+00 1.374635e-04
9.874875e+04 4.165002e+00 1.360555e-04
9.879880e+04 4.121323e+00 1.346619e-04
9.884885e+04 4.078101e+00 1.332826e-04
9.889890e+04 4.035333e+00 1.319175e-04
9.894895e+04 3.993014e+00 1.305663e-04
9.899900e+04 3.951138e+00 1.292290e-04
9.904905e+04 3.909701e+00 1.279054e-04
9.909910e+04 3.868699e+00 1.265954e-04
9.914915e+04 3.828127e+00 1.252987e-04
9.919920e+04 3.787981e+00 1.240154e-04
9.924925e+04 3.748255e+00 1.227452e-04
9.929930e+04 3.708946e+00 1.214881e-04
9.934935e+04 3.670049e+00 1.202438e-04
9.939940e+04 3.631561e+00 1.190123e-04
9.944945e+04 3.593475e+00 1.177934e-04
9.949950e+04 3.555790e+00 1.165870e-04
9.954955e+04 3.518499e+00 1.153929e-04
9.959960e+04 3.481600e+00 1.142111e-04
9.964965e+04 3.445087e+00 1.130414e-04
9.969970e+04 3.408958e+00 1.118837e-04
9.974975e+04 3.373207e+00 1.107378e-04
9.979980e+04 3.337832e+00 1.096037e-04
9.984985e+04 3.302827e+00 1.084812e-04
9.989990e+04 3.268189e+00 1.073702e-04
9.994995e+04 3.233915e+00 1.062706e-04
1.000000e+05 3.200000e+00 1.051823e-04
